100
(0,7) 0.10911792602322154
(0,13) 4.271535346710067
(0,14) -3.3967661132794738
(0,19) -2.6782564052454574
(0,37) -3.2898003024588367
(0,66) 0.22654508750072072
(0,90) 4.069352778389683
(0,98) -0.3595251049111595
(1,4) -0.041214640967506266
(1,72) 2.5046751419952105
(1,83) 0.03944655139805073
(1,86) 1.041735211191069
(1,92) -0.7930265097452602
(1,97) -1.2203887607492987
(2,14) 0.4505177583244606
(2,31) -0.4553661666960773
(2,59) -2.170576877961033
(2,97) 2.4568930712764327
(3,17) 0.4284858184219244
(3,18) -1.49331498033411
(3,28) -0.8356543117000911
(3,33) 0.05273047219006143
(3,34) 0.46107111237023635
(3,36) -0.6750064840809646
(3,41) 0.33632009757392106
(3,46) 0.5793687260334444
(3,50) -1.0040683369803498
(3,86) 1.6344060530766245
(3,88) 2.627783694472897
(3,93) -1.7382502461081737
(4,10) -1.0343724764261153
(4,14) -0.683173618079718
(4,21) -0.05790806507309874
(4,26) -1.0062521690419326
(4,27) -0.30131379978183676
(4,29) -0.6602994356612046
(4,31) -1.136522067125139
(4,44) 0.7805383412706105
(4,47) -0.9772009314840931
(4,55) -0.8053707635600509
(4,58) 0.2790563728923498
(4,79) 0.33244712559303136
(4,89) -0.19488859280343507
(5,5) 1.1088556134637182
(5,6) -1.9864408391376143
(5,13) -1.8626272587550603
(5,18) -1.5976554393308648
(5,35) 1.7577069598899364
(5,51) -0.19196189344159936
(5,55) -1.1787158100129647
(5,56) 0.9340395364204972
(5,59) -0.2813264411284903
(6,10) -0.795194224763393
(6,20) -0.12335575017533504
(6,26) -2.984329356491368
(6,30) -0.25085475860991807
(6,32) -0.24927314591577834
(6,49) 1.218552693309152
(6,67) -1.8103338014616766
(6,76) 0.5284209481959791
(6,77) 0.6323087632443865
(6,84) -0.4804618188820575
(6,85) 0.45301115149457866
(6,89) -2.6759833559478747
(7,4) 0.07219705468564434
(7,8) 1.1232280597548123
(7,10) -2.278269691048243
(7,11) 0.3474817219050904
(7,13) -1.87464581560955
(7,18) -0.613345680086345
(7,23) 0.7318185590265607
(7,25) 1.066997928221541
(7,61) 0.6340875074589183
(7,62) 0.4971778726798476
(8,20) 0.16342311503884768
(8,38) 3.0272903124535246
(8,48) -0.16863048136140962
(8,49) -1.8448359937444592
(8,56) -0.611253287268104
(8,70) 0.9557335976519398
(8,71) -3.3115812100785824
(8,74) 1.295339188667609
(8,93) 0.3720785750886386
(8,97) 0.8460411319893542
(9,22) -0.09312437895074815
(9,36) 0.6702908963346194
(9,49) 2.1365497441574552
(9,50) 1.1264379097912638
(9,77) 1.0732582147669054
(9,88) -3.230788732584171
(9,89) -0.03733008549967193
(9,90) 0.5944063675248294
(9,99) 2.7990011043187266
(10,20) -0.002030433462394121
(10,70) -0.328722331902636
(10,72) 1.7167416727741704
(11,0) 1.1783951323754727
(11,6) 2.085880342701683
(11,10) 4.249443802069453
(11,11) -0.7546933587788869
(11,12) 3.1915751153301115
(11,16) 0.68046513993422
(11,17) -1.5832361490138769
(11,36) 0.484512558125657
(11,46) 1.013206624596934
(11,55) 0.5563208448597029
(11,67) -1.2628452489722521
(11,74) 3.9754059602113467
(11,82) 0.09664188765261819
(11,87) 1.8719428177060116
(12,8) -0.21220438600336966
(12,11) 0.0581328857999102
(12,13) -0.5358603289253798
(12,37) -0.03220745422215873
(12,69) 0.9181403833769844
(12,93) 1.6244443412981826
(12,94) 0.6259795887766005
(13,2) -1.010710924401177
(13,4) -0.6789084148676724
(13,10) 1.9861757979398642
(13,17) -0.21218851580212897
(13,18) -0.0369488301583446
(13,20) 0.2622892006720412
(13,44) -0.6650405344996113
(13,48) -0.9027105436937577
(13,57) -0.413063782236902
(13,73) 1.7542072625956304
(13,74) 1.2479975826790284
(13,92) -1.9006282596115789
(14,10) -1.0624542589278039
(14,22) 1.203373592449422
(14,36) 1.262899697005683
(14,57) 0.6177926532803866
(14,76) 1.552724080975531
(14,83) 1.5857397512077227
(14,84) 1.4502377557606296
(15,1) -0.2833265619531404
(15,8) -2.9842465608226894
(15,19) -1.7761432618451087
(15,37) -3.4879454487477632
(15,38) 7.342452128658409
(15,50) -3.4025388681020954
(15,57) 1.5464684236770811
(15,65) 4.236870364460981
(15,79) 1.2009241997022666
(16,18) 4.396753452943275
(16,27) 0.39547483807658185
(16,36) 2.961320354685637
(16,42) 0.09103527256752564
(16,48) 0.6459990657510695
(16,49) 5.856937477185523
(16,66) -1.4666184312968746
(16,67) -3.345419957830301
(17,9) 2.5734933072504393
(17,11) -0.5215304997515593
(17,14) 1.0859153506460761
(17,19) 0.46148671802907637
(17,20) 2.891281151774038
(17,24) 1.495939694468565
(17,28) 1.5832116203903386
(17,39) 0.5610192268301935
(17,47) 1.21888206013947
(17,64) -1.6087688157281572
(17,74) 0.7677509617189238
(17,75) -0.6374089236985625
(17,93) -0.7865609513252185
(18,6) 1.8221756065911745
(18,10) 4.7741021336727325
(18,14) -2.3780754988486663
(18,16) 0.365527794081113
(18,25) -3.657348582458672
(18,37) -2.1216061838040026
(18,47) 1.6329472081148602
(18,48) -0.5665757066622396
(18,60) -0.5516598772287179
(18,64) -1.9426373245926354
(18,66) 0.08451411714364782
(18,70) -1.2235839236329136
(18,82) -1.3319519714783659
(18,93) -1.604785951983573
(18,94) 1.994011177856281
(18,95) 1.529844024290587
(19,3) -1.131805406240536
(19,5) 0.5722749290933635
(19,25) -0.009812062933408777
(19,41) 0.11839521546309173
(19,45) -0.742620374656519
(19,62) -0.9125558976130896
(19,64) 1.3760919517140695
(19,71) 2.132510107498027
(19,85) 0.7672952523088166
(19,92) -0.9029642602900728
(19,95) 1.6365173432289537
(20,29) -1.5167041164469477
(20,41) 0.03520272876591536
(20,51) -1.42324996530786
(20,65) -3.3913911777840684
(20,68) -0.9657425810130371
(20,81) 3.496421595408257
(21,17) -1.1500258222754205
(21,23) -1.7422934677690465
(21,42) 1.9495504564905382
(21,45) 1.9446007892013677
(21,46) 0.5192965293732403
(21,60) 0.017903288157802524
(21,62) -0.8680217485620075
(21,75) -0.8079749758206937
(21,96) 0.37194280264652835
(22,11) 0.8359069749544253
(22,16) 1.2338224917604559
(22,20) 2.632022169462674
(22,45) -0.6278727212947206
(22,50) 2.2164002131944036
(22,89) -2.7417506021481723
(22,95) 1.7245167459355843
(23,4) -2.2216312665672926
(23,36) -5.205277163937776
(23,40) -2.1609510955308058
(23,43) -3.0185643796481525
(23,55) 0.8898983850134913
(23,57) -0.48521748075503285
(23,61) 2.401214782183457
(23,71) -7.923583591860093
(23,80) -7.240505294988632
(23,98) 7.111718111960993
(24,4) 0.6648284583628238
(24,22) 1.428799048921815
(24,26) -1.1566461673603459
(24,39) -2.404544013212883
(24,52) 0.7327641016777922
(24,53) 0.6914072543331028
(24,60) -0.06260763517011371
(24,66) -0.9730553236091547
(24,76) 0.8366508493011352
(24,89) -0.9283005078685952
(24,91) 1.2907193879827488
(24,94) -1.213459773825676
(25,12) 3.9386461081338937
(25,26) -1.1604100642607094
(25,27) -2.61848459691749
(25,33) -0.4492466281081549
(25,54) 0.21403686196538269
(25,56) 1.786944050801096
(25,62) 6.424677129308538
(25,76) 2.3346564932247
(25,77) 1.7837163972822472
(25,85) 1.261265100530253
(25,88) -2.3695147183490897
(26,10) 2.6256030712902154
(26,24) 0.4425876134223341
(26,28) 2.140244576492006
(26,72) -3.261100750767251
(26,75) 1.8344328518655457
(26,83) 2.8886988802952898
(26,85) 0.6053407514442124
(26,86) -1.1064848928413065
(26,87) 3.2634523117872125
(26,90) -1.0444492667117236
(26,92) -2.449345754416486
(26,95) 0.47651888755506155
(26,96) -1.6514497185309085
(27,18) -3.343996249315031
(27,21) -0.5641370740233639
(27,23) -0.620130980573007
(27,30) 2.4233724058946144
(27,58) 0.9297900218026884
(27,60) 0.0010366442451782004
(27,65) -1.275289951516405
(27,73) -2.3453540878792443
(27,75) 1.451949529451817
(27,88) 3.309893392414034
(27,97) -3.8115517382380584
(28,16) 0.36578751784756103
(28,26) 0.6880272383877418
(28,38) 3.1737465251237826
(28,48) -0.4651703233333273
(28,57) 1.3770584642082817
(28,66) 0.6072863276688443
(28,73) 1.5832108986679563
(28,78) 2.072207052079382
(28,83) 0.4584497797013184
(28,84) -1.7387252441599974
(28,92) 0.552998643694085
(28,98) -1.2061918746374758
(29,14) -1.5382294493242803
(29,17) 0.03473197452579241
(29,33) 0.2484524469218984
(29,46) 0.5343823923110491
(29,47) -1.0686512627532467
(29,61) 0.2705587572327545
(29,69) -0.8794357783283485
(29,73) 2.384341014428814
(29,74) 2.8477762997691327
(29,80) 1.6606958999127528
(29,87) -2.1789339792807327
(29,88) -1.7913684395411196
(30,11) 0.6208597944336449
(30,17) 2.597281626286112
(30,20) -2.9529354580765363
(30,34) -2.097595723590099
(30,36) -2.404481877198117
(30,44) 1.2067435636211292
(30,49) -2.656586596754076
(30,68) -2.470049057550124
(30,73) -6.282782057052638
(30,90) -1.776903572527106
(31,2) 2.85516864690024
(31,9) -2.4444521507022237
(31,16) -1.1606846344050317
(31,26) -5.654279629442961
(31,29) -0.9164695503350304
(31,44) 2.8849542572149653
(31,51) -0.8291089478303055
(31,62) 5.432829734095998
(31,63) 6.15550689494475
(31,75) -5.38127776113608
(32,1) -0.3385286180668307
(32,27) -0.14118967936124746
(32,28) 0.17691451055645405
(32,61) 0.3005805726845704
(32,81) -2.9232965174447165
(32,84) 1.2328459399508735
(32,91) -1.8684327199759123
(33,2) 2.1039048575416714
(33,15) -2.194612766332517
(33,21) 0.10671636035371199
(33,28) -2.1178969090211126
(33,29) -0.9868362914964279
(33,52) 0.6920763207325593
(33,54) 1.5928870237679695
(33,56) -0.13620786081803193
(33,58) 2.0117349911593556
(33,68) -1.2001334398376708
(33,75) -0.7435426554358552
(34,0) 3.2365520600279494
(34,9) 7.095424133746616
(34,63) 1.0539634858271059
(34,68) 4.186860495113449
(34,88) -3.5951560217838554
(35,1) -0.3002397777230001
(35,13) 1.7354595448897623
(35,17) 1.5285434919362888
(35,24) 1.1641103470040122
(35,32) 0.16338966190410967
(35,52) 1.9638664733716715
(35,79) -0.890075138669267
(35,90) -1.20321030532228
(36,8) -0.11953507264566098
(36,17) 0.5814942851726268
(36,22) -0.5028336239208088
(36,23) 0.7758598228865663
(36,26) 0.5629192309942115
(36,28) -0.7729879775270868
(36,29) -0.5511980168014767
(36,34) -1.1950371963399236
(36,49) -0.5610501334797376
(36,59) -0.5648381115049216
(36,70) 0.8719719531742856
(36,95) -0.9809013223119682
(37,4) 0.8170533510371174
(37,7) 0.6044510653870578
(37,10) -5.025955282072731
(37,24) 0.13648632711229886
(37,28) -3.873934569220309
(37,32) -1.647836243277851
(37,63) 4.184881833616561
(37,64) 7.085433730885711
(37,68) -5.458467931325749
(37,72) 7.198746203295837
(37,89) -5.732159383769883
(38,9) 2.433900669041165
(38,35) -1.2920961489725993
(38,61) -1.6993992549279024
(38,77) 1.5870458577623905
(38,99) 4.004741585462883
(39,15) 5.516970956334045
(39,17) -1.2704189956950005
(39,29) 1.4973676023257172
(39,37) -2.1968537313899983
(39,50) 1.0500295548712724
(39,53) 3.7821748129361716
(39,74) -1.4887135860939678
(39,84) -0.6489345588960281
(39,95) 2.7481691600808524
(40,2) -0.6982720084520622
(40,35) -0.3206019915461883
(40,41) -0.49232177588521114
(40,59) 1.0558195846499827
(40,72) 1.7840672809218179
(40,75) -2.6675217598646754
(40,99) 0.48692089963592
(41,4) -1.976734892986716
(41,8) 1.8105860355321644
(41,21) 1.0906929752968466
(41,22) -1.1069751494487075
(41,35) -2.8041911147005467
(41,77) 1.4072374512250272
(41,80) -1.9683131838207444
(41,91) -5.617097868833272
(42,18) -3.45772192553024
(42,23) -1.4732075257516932
(42,35) 2.9393668007211944
(42,38) 3.8491653410900613
(42,45) -2.201937021374965
(42,51) -2.216749056990135
(42,55) -2.900785904623632
(42,80) -0.7293922692654528
(42,84) -2.867638229009126
(43,0) 1.9426261064001686
(43,3) 1.6980210466691292
(43,12) 2.603136188715292
(43,41) -0.5504267149641059
(43,45) 1.5252375350593992
(43,52) -0.5652295168114702
(43,57) 0.5685827784136248
(43,64) 0.24854860904375034
(43,72) 0.002597555403747006
(43,81) -0.037368616377452035
(44,4) -0.7107779633682656
(44,13) -2.8314210302453757
(44,27) 0.6882606071100219
(44,42) -1.3540544580059182
(44,45) -1.2555996680350558
(44,61) 1.207015544823529
(44,62) -2.638584531664514
(44,63) -1.4741697551715798
(44,65) -0.35247188428948273
(44,69) 0.4610473387886049
(44,70) 1.4867959113354168
(45,9) -6.352951931822208
(45,11) 2.0634974569868696
(45,14) -0.7153391713756976
(45,27) -2.715993470704548
(45,48) 1.9743306960995253
(45,67) 0.2596235575428876
(45,70) 2.3536604404904398
(45,74) -3.141715813374674
(45,86) 0.8905318013079109
(45,93) 5.357439060412229
(45,94) -4.1332205657879415
(46,13) 2.4036983741677473
(46,24) -1.4593016634591778
(46,26) 1.6450431161867554
(46,65) 0.0951046010817145
(46,67) -1.3087188988210212
(46,68) -0.06665617378388958
(46,76) -2.0314214146950595
(46,89) 3.278314933054458
(46,93) -1.8905867739506277
(47,9) -0.02778402094126063
(47,12) 0.1069580380232772
(47,21) 0.37462101802818404
(47,25) 0.21538760389351058
(47,30) 0.5368761528355008
(47,40) 0.21785683189916552
(47,66) 0.8510376384210909
(47,78) 0.872626636209918
(47,93) -0.8121074031304433
(47,95) 0.7398879036778061
(47,97) -1.3765252982260323
(48,0) 2.2523713882323757
(48,12) -0.7061835534622942
(48,15) -0.5474979441560319
(48,20) -1.8454768192592255
(48,25) -3.0995178811262085
(48,31) 0.26152289993271394
(48,32) -0.6567373504094587
(48,39) 0.21596597978002344
(48,47) 1.2845647643530196
(48,69) -0.13841733983018198
(48,76) -2.239813603294787
(49,19) 0.5824136930399408
(49,42) -0.5189330875508514
(49,50) 1.190538751463518
(49,51) 2.3088851511470594
(49,59) 2.6026441122055486
(49,65) 2.0548421576144063
(49,67) -0.9947017279119188
(50,3) -1.294491842477578
(50,7) 0.7316433480662313
(50,23) -2.0872133050452146
(50,25) -3.5449991501170066
(50,33) -1.3562570815156971
(50,36) -0.7640947906204699
(50,41) -0.6809407690294466
(50,60) -0.3960713420864847
(50,65) 0.7388109104614493
(50,73) 1.0502548124051743
(50,77) -3.1375784539899976
(50,82) -1.9930509401750915
(50,83) -3.2894900933733524
(50,84) -3.76473612907617
(50,88) 1.634787365786181
(51,14) -0.9246397713281725
(51,20) -5.245505351067329
(51,33) 2.528214247913853
(51,35) 1.4071686264597156
(51,41) 0.23175307390531102
(51,63) 1.4145210254703935
(51,70) 2.8681457531933936
(51,83) -3.1407804109513595
(51,86) 0.7559561762313665
(52,30) 1.9208109745879585
(52,38) 2.4954058168548734
(52,43) -0.4052496038966205
(52,48) -1.2394965799557758
(52,60) -1.1273028172214519
(52,63) -5.226131259644608
(52,68) -1.9433241241650625
(52,69) -0.6986531538194586
(52,70) 0.7334889563294049
(52,72) -0.28141801452333326
(52,74) 1.5659961548424575
(52,80) -3.408259049028276
(52,92) -3.9581267721972604
(52,95) -0.8912379528188673
(53,50) -1.365112271435575
(53,59) -1.352197547885363
(53,75) -0.3362257972265714
(53,77) 0.34509025595972465
(53,84) -0.8499150456754163
(53,85) 0.19861058998167083
(53,92) -0.7167042814847967
(53,99) 0.6125808774010661
(54,8) -2.6319482665941667
(54,26) 0.1556349991655231
(54,29) 0.8305139835899336
(54,33) 0.5279218082390937
(54,36) -1.1318246378658774
(54,42) -0.6065311809082304
(54,48) -0.17345260232136062
(54,56) 0.40176831444478756
(54,59) -0.052098661402309364
(54,66) 2.311099556052608
(54,85) 0.14864863282370563
(54,90) -5.619435670100411
(55,19) -1.1644735790170768
(55,40) 0.3295377787473946
(55,57) 0.14147210604410537
(55,64) -5.138523251630254
(55,98) -0.39118173406598894
(56,8) -1.6794339941691236
(56,26) 3.173277095557351
(56,32) 0.48500134873969425
(56,34) -1.2862760835731597
(56,38) -0.5958590819469538
(56,39) -1.244534756810482
(56,41) -0.4515891183430174
(56,49) 1.1191723846165484
(56,64) -1.1174755425554
(56,78) 0.5396951131691721
(56,79) 0.21449697409652546
(57,24) 0.21449989252051602
(57,28) 0.5057804804880404
(57,38) -1.4479598818996238
(57,42) -2.256656889127927
(57,51) 0.8166749783591415
(57,71) -1.6856449207206696
(57,76) 0.0443057282185289
(57,89) 3.457083411509488
(57,91) -3.871725977258684
(58,20) 0.15836798529160548
(58,28) -1.8097198539401775
(58,47) -1.928512993405442
(58,48) 0.21503655091193277
(58,83) 1.791972060094234
(58,87) -2.2510688584448024
(58,94) 0.9046796419831726
(59,8) -0.35611113545520623
(59,12) -0.5833437141971951
(59,22) -1.3184983038160893
(59,36) -1.7820123860942827
(59,39) 3.4327780221717004
(59,47) -0.5598691309823344
(59,50) -1.906227161870896
(59,56) -0.3504902368613585
(59,69) 0.6726820062002753
(59,76) -0.8384350779236314
(59,80) -1.3989342838346195
(59,85) -0.6719251929537697
(59,93) -0.525683282600369
(59,95) -1.5073279327191513
(60,17) 1.6762110799431793
(60,18) 0.9070804040262139
(60,25) 1.0462113450506456
(60,32) -0.12910939464431992
(60,40) -0.5017257431492161
(60,67) 0.3591525857652863
(60,72) 0.7830015806479454
(60,85) -1.176347340208683
(60,93) -0.49002376614064624
(60,96) -0.5430577798213904
(61,17) 1.1332947258930182
(61,30) -0.4112140872722862
(61,31) -0.5264489696966133
(61,32) 0.0028586149705516484
(61,38) -3.80882159234931
(61,39) -2.5932958606285927
(61,49) 2.200766370172029
(61,71) 1.095446157429245
(61,84) 1.2497118081995808
(61,92) 3.902945534211148
(62,0) -0.6610099099684008
(62,4) -1.1808951945858446
(62,41) -1.9571414031694236
(62,56) -2.2973590530489867
(62,57) -0.6450562591992933
(62,58) 2.0912228899143135
(62,72) -2.0261226327096336
(62,75) 2.8168480611078994
(62,79) 6.177460519455605
(62,81) 3.0611372063716975
(62,84) -3.3436784307396037
(62,86) 0.3054632882589129
(62,97) -2.243803050889316
(63,1) -0.34616059742088834
(63,3) -0.6743987798481234
(63,4) -0.5553151721321467
(63,9) 0.5425389712523665
(63,16) -0.2820218768981067
(63,29) 0.8182656108172006
(63,32) -0.12073682575456393
(63,36) -2.0446861636728073
(63,37) -2.469082263857998
(63,87) 2.269721363364335
(63,88) 0.4083860778585199
(64,10) 2.844924602246016
(64,29) 0.4160132938396498
(64,32) -0.09083934195609217
(64,49) 1.2509624772964807
(64,66) -0.6847128216988652
(64,73) 3.116699127845071
(64,75) -0.17250022978111218
(64,78) 0.8882034761695481
(65,1) 1.549543687090093
(65,2) 0.167329784857276
(65,13) 0.478615394553496
(65,62) 4.917266732774883
(65,86) -1.2077476709908865
(66,0) -1.3882521557840855
(66,3) -1.1517216440084233
(66,5) -0.45966401756590536
(66,7) -0.07878441648085316
(66,28) -0.2563398074382368
(66,52) 0.25052134785400115
(66,58) 0.4557851193871658
(66,60) 0.3995816464641971
(66,64) -2.5327063911233556
(66,95) -0.6687124657698446
(66,96) 0.0016446261215428137
(67,0) -1.3755096749464804
(67,11) -0.34751659606075425
(67,13) -0.6194556653759178
(67,20) -0.7586985586405318
(67,24) -0.42773565724589
(67,35) 0.35762257797843244
(67,53) -1.0543310295396822
(67,70) -0.4399909547310963
(67,73) -1.2912238610819724
(68,2) -4.356598648687342
(68,5) -3.9058080423107215
(68,33) -2.834140661987264
(68,40) 9.073030490163731
(68,48) -0.20156961990592678
(68,57) 3.210408977517534
(68,61) -3.994539911593055
(68,66) -0.6529383847529646
(68,70) -3.9610504856938333
(68,72) -1.273779882334967
(68,80) 3.1458503298439244
(68,98) -1.0643975953319977
(69,5) 3.5288932851753376
(69,18) -2.6038624851158376
(69,25) 2.582118047117524
(69,27) 0.2181780994413712
(69,28) -3.204600323863861
(69,29) -1.296302862372671
(69,39) -1.9391192352368214
(69,55) -2.2746959715737334
(69,58) 2.9868538297452916
(69,59) -1.130564036327141
(69,60) -0.07958591334914038
(69,62) 0.7789592777671358
(69,67) -0.4989886777278769
(69,70) 1.360427688572554
(69,90) 5.401516445034741
(70,26) 3.817641800307118
(70,34) 2.463161981361609
(70,66) 1.2445796562078706
(70,69) 0.21292995438711376
(70,71) 1.789857647772411
(70,75) -0.9328407463504353
(70,85) 2.760770867212753
(70,97) 2.730623140661839
(71,1) -0.773295069608724
(71,19) 0.7176383193279345
(71,28) -0.8682045366285532
(71,42) -1.9044664643528528
(71,47) -0.6351797357199699
(71,83) 1.9952692807694152
(71,90) -3.3608074845193814
(71,94) -6.6215271974494145
(71,97) 0.5216548483249548
(71,98) 1.156893535346368
(72,1) 0.6012937303491682
(72,18) 1.5256396143459812
(72,26) 3.4472553783412443
(72,34) 2.6932686959785115
(72,38) 3.0776543775626704
(72,57) 0.2889714934720188
(72,64) -3.0425705526489017
(72,72) -2.372434938266759
(72,80) 3.3433711979064613
(72,96) -0.911653707758123
(73,29) -0.9400040380580745
(73,33) 1.1991211131229875
(73,37) 2.004454771719186
(73,52) 2.2416254890491136
(73,58) 1.648457005359199
(73,59) 1.0212448474120366
(73,65) -2.26585517233802
(73,72) 1.9197594313440067
(73,78) -3.897622665987392
(73,84) 2.4387424604513654
(73,96) 0.39530016922713335
(74,5) 0.42511819033720377
(74,32) -0.6684652860859678
(74,37) 1.659711001588179
(74,39) -2.937632205004096
(74,45) -0.7566342445510152
(74,50) -0.3330177532772826
(74,52) 0.39794282535394526
(74,53) -0.18767744125498567
(74,81) 1.3463142085664166
(74,86) 1.4239873413015205
(74,93) 0.41807157702841613
(75,13) -5.261325547777471
(75,23) -0.0020344066849514453
(75,24) -3.6140665394870437
(75,39) -1.3141008139036388
(75,43) 0.7123451248186949
(75,44) 3.6627415830938563
(75,45) -2.9884664791697637
(75,50) -2.063671134048957
(75,73) -1.1655392117173091
(75,74) 1.128277484454285
(75,80) 1.2540608566680493
(75,83) -3.9276209690719615
(76,11) 0.21914848532184442
(76,55) -2.1068524330917238
(76,58) -0.8674469331758414
(76,78) 2.3033734091678997
(76,82) -1.03013251689254
(76,98) -1.8976346263856763
(77,6) 2.4852567919724518
(77,7) 0.5940278904289459
(77,42) 1.3998370914811704
(77,50) 5.2561175904937745
(77,74) -3.5728095273835825
(78,10) 1.7023002963788625
(78,24) -0.4113825593270187
(78,44) -0.4812378991221982
(78,49) -1.4492673185738885
(78,68) -0.8494616344863105
(78,73) -0.2954567163478369
(78,86) 0.9517942430935877
(79,9) -1.4105212884579557
(79,12) -1.3350340553610658
(79,23) 0.9691911642192793
(79,45) -4.0313547483606085
(79,83) 0.32768127162715
(80,1) -0.6457378706194024
(80,17) 0.1947939694690414
(80,18) -2.424714652745727
(80,26) -0.7975056765019888
(80,31) -1.6284957966903746
(80,34) -1.5270818242133744
(80,50) 0.08417579076123374
(80,71) -2.5258448695754847
(80,79) 1.1292195619952492
(80,89) -1.0765740645443809
(81,4) 0.863265320679562
(81,7) 0.037151574516816006
(81,21) 0.4276106332397877
(81,24) 0.7033145578802281
(81,32) -0.2931325870246535
(81,39) -2.284789561236256
(81,42) 0.19146458048347054
(81,45) -0.24108084996783152
(81,47) -1.102163156428137
(81,58) 0.9561359507780911
(81,59) -0.25420559148287736
(81,74) -2.502695728263298
(81,77) 1.6993304881031048
(81,83) -0.3941792503911102
(81,89) -2.6724020789657286
(82,20) 1.794613310753572
(82,28) 1.3219242780534497
(82,50) -0.2781572096115647
(82,64) -0.17785188790725862
(82,80) 1.8682272869342913
(82,84) 0.6017410155886114
(82,89) 2.7029674693635757
(82,95) -1.9843054641776667
(82,96) -3.1409672843152068
(82,98) 1.153066696308801
(83,9) 3.5159349011362853
(83,11) 1.3042452952214603
(83,14) -3.320278346245183
(83,21) -2.551666204571782
(83,26) 3.143848527339829
(83,44) 1.3672397929776625
(83,56) -3.3191695888472674
(83,81) 4.831970166274188
(83,92) 2.011011069056398
(83,97) 3.139016853668597
(83,99) 1.9131994814911293
(84,11) 0.1164020519141811
(84,17) -0.7849533193224766
(84,35) -2.8832061966710087
(84,37) -0.16239938479850452
(84,38) -9.049336212637582
(84,45) 1.8230432252358204
(84,53) 0.8538195225205489
(84,80) 5.793668753427483
(84,83) 1.873166937868043
(84,94) 11.64817615599522
(84,96) -2.73447006656232
(85,27) -0.4771139122859826
(85,36) 1.9973023027424768
(85,70) -1.0179512103249133
(85,75) -1.427709254782747
(85,78) -2.638484949792899
(85,82) 0.6285926408627422
(85,91) 1.3892895075462246
(85,97) 0.8678926767403622
(86,1) 0.15636968684205296
(86,2) 0.58139937373212
(86,25) -1.7442402965641213
(86,27) -0.06878160434281719
(86,33) -0.1413545617347736
(86,52) -1.8964696432474422
(86,54) 0.6719625086332216
(86,82) -1.5009506520070346
(87,7) 0.5038651579383986
(87,18) -4.797684522337064
(87,22) -3.453359406799603
(87,43) -0.47395790899513224
(87,56) -0.7156941463542639
(87,75) 2.879681624197646
(87,77) 0.19172109753375413
(87,78) -0.819769672391914
(87,86) 2.7940075127078856
(87,87) -1.3625885995900413
(88,2) -0.9586412239187132
(88,18) 1.1109691421966295
(88,20) 1.1177343759337566
(88,29) -0.38955808629680533
(88,40) 0.16144670091179814
(88,49) 0.7158727389358934
(88,74) 1.0503885887357736
(88,76) 1.2281197081228759
(88,94) -1.2911508355559713
(89,2) -2.768712880633773
(89,26) 3.0520943959836173
(89,32) 1.4262927925479136
(89,45) 3.6098845141605596
(89,48) -0.38459257586537776
(89,57) 3.1900858594571293
(89,59) 2.505118447831948
(89,78) 1.6700068863119093
(89,90) 2.2040825357009455
(90,6) 2.7445208129498724
(90,36) 3.0390602099429
(90,50) 1.2116538054092925
(90,52) 0.07884351214880479
(90,60) 0.6690712822301327
(90,61) -2.0280122914571077
(90,63) 2.069572105285897
(90,80) 3.955075033913329
(91,5) 1.687588641970485
(91,14) -1.5822383241848337
(91,15) -1.3223660882685895
(91,25) 0.42334992652171155
(91,27) -0.4095706320275358
(91,29) -0.4339423283608848
(91,33) 0.11011951503731796
(91,46) -1.2757372370708164
(91,49) -1.2966592867939901
(91,53) -0.5168225797847105
(91,78) -1.6910645606918466
(91,92) 1.5428053142701952
(91,94) 1.6087166269970574
(91,96) 0.9911157879202829
(91,99) 0.8491908717008907
(92,9) -0.6502004922174323
(92,11) -2.857261745410591
(92,28) 0.06522928211361588
(92,47) -0.11368052450770084
(92,87) 2.5876966702142994
(92,92) -3.1794327534311915
(93,17) -1.8006092716997903
(93,25) -0.8386922734266673
(93,28) 1.8123138750540977
(93,50) -0.7726730634415939
(93,57) 1.1100829657932634
(93,59) 1.2683881643821322
(93,64) 0.7010749561525499
(93,67) -2.4834790587817857
(93,73) 1.8384566440446761
(93,74) 0.47559218246565577
(93,77) -1.2830987023015408
(93,81) 1.8489325044894531
(93,95) 1.702210886962958
(94,3) -1.5199538739561622
(94,5) 0.19947243689296404
(94,16) -0.4513884353876419
(94,17) 0.5827208167972096
(94,20) -1.0634896148635158
(94,22) -1.1253617990083065
(94,23) 0.4280163800049773
(94,26) -0.697848835694904
(94,33) 0.7685831214869984
(94,40) -1.4678567156339517
(94,42) -2.00727986374871
(94,43) -1.0776089867185623
(94,54) 0.3510650976413846
(94,62) -3.52532869360403
(94,90) -1.456877324488892
(95,4) -0.5253196915811258
(95,31) 2.6899159487923994
(95,45) 4.3828178220246485
(95,47) 2.2459843283826793
(95,51) 0.9000034239398441
(95,55) 1.8341107889680077
(95,70) -1.901047265089135
(95,93) -3.740917211816586
(96,14) -0.9194664366068724
(96,17) -0.644914768969433
(96,22) -0.5995466630401831
(96,25) -2.250353727091719
(96,27) 2.0230328350029994
(96,29) 1.0872610140928964
(96,37) -3.792702361477236
(96,46) 0.7208238707730314
(96,49) -2.976517384751666
(96,56) -0.23946317282241208
(96,58) 0.8416654914660557
(96,78) 5.198394544422477
(96,80) -1.487287377732768
(96,82) 0.6873170929736521
(96,99) -3.23689086928221
(97,17) -1.2097504558125796
(97,22) -0.6527777851739602
(97,31) -0.07594034559942874
(97,32) -0.31262284966361975
(97,36) -0.05810063819879652
(97,37) -1.6673234390428455
(97,57) 0.6520643712817948
(97,60) -0.9805412496727541
(97,61) -1.3462345920418215
(97,78) 0.8825410962889213
(98,7) -0.11929470636982477
(98,10) -3.939091662225819
(98,15) -2.8331121782238076
(98,19) -1.3631981036070504
(98,29) -1.0310398585704494
(98,30) 0.8345346222846952
(98,61) 1.2473222435783005
(98,63) -2.7561825348923024
(98,81) -1.6131457769266806
(98,84) -1.4658729871220175
(99,15) 1.6621762985639301
(99,40) 1.7180103625065326
(99,51) 0.07602119422603917
(99,52) -2.6935986209421947
(99,60) -1.7750564259140993
(99,76) -0.5559066598213973
(99,91) 2.871809857197997
(99,92) 1.329148798432523
(99,99) -0.1400960769945155